Scan inverse v3 -- per-neuron probes, noise-robust
Conditions: N=300 neurons x 2 amps = 600

noise   seed  |     tap_a4      tap_a2     chem_a3   chem_a1.5      thermo  nociceptio  | pearson  verdict
--------------------------------------------------------------------------------------------------------------
0.000    11 |     0.0259      0.0259      0.0025      0.0025      0.0176      0.0176  |   0.909  PASS
0.000    42 |     0.0259      0.0259      0.0025      0.0025      0.0176      0.0176  |   0.909  PASS
0.000   777 |     0.0259      0.0259      0.0025      0.0025      0.0176      0.0176  |   0.909  PASS
0.005    11 |     0.0325      0.0325      0.0025      0.0025      0.0178      0.0184  |   0.909  PASS
0.005    42 |     0.0359      0.0359      0.0027      0.0027      0.0181      0.0186  |   0.907  PASS
0.005   777 |     0.0337      0.0337      0.0029      0.0029      0.0185      0.0184  |   0.905  PASS
0.010    11 |     0.0489      0.0489      0.0021      0.0021      0.0166      0.0200  |   0.904  PASS
0.010    42 |     0.0510      0.0510      0.0021      0.0021      0.0166      0.0194  |   0.903  FAIL
0.010   777 |     0.0456      0.0456      0.0023      0.0023      0.0167      0.0194  |   0.903  PASS
0.020    11 |     0.0725      0.0725      0.0021      0.0021      0.0120      0.0182  |   0.879  FAIL
0.020    42 |     0.0760      0.0760      0.0022      0.0022      0.0116      0.0178  |   0.874  FAIL
0.020   777 |     0.0680      0.0680      0.0023      0.0023      0.0119      0.0163  |   0.878  FAIL
0.050    11 |     0.7286      0.7286      0.0218      0.0218      0.0385      0.0269  |   0.729  FAIL
0.050    42 |     0.7245      0.7245      0.0441      0.0441      0.0478      0.0282  |   0.717  FAIL
0.050   777 |     0.7233      0.7233      0.0427      0.0427      0.0474      0.0272  |   0.700  FAIL

Pass rate by noise level:
  noise=0.000:  3/3
  noise=0.005:  3/3
  noise=0.010:  2/3
  noise=0.020:  0/3
  noise=0.050:  0/3
