Pool stim robustness (K=100, M=15, n_reps=10)
=======================================================
 noise   seed   pearson      tap     chem   thermo     noci  verdict
----------------------------------------------------------------------
 0.005     11     0.996   0.0001   0.0001   0.0000   0.0000  PASS
 0.005     23     0.998   0.0000   0.0000   0.0000   0.0000  PASS
 0.005     42     0.998   0.0000   0.0000   0.0000   0.0000  PASS
 0.005    777     0.997   0.0003   0.0001   0.0000   0.0000  PASS
 0.005   9999     0.996   0.0001   0.0000   0.0000   0.0000  PASS
 0.010     11     0.984   0.0003   0.0002   0.0001   0.0002  PASS
 0.010     23     0.990   0.0001   0.0001   0.0000   0.0001  PASS
 0.010     42     0.990   0.0001   0.0001   0.0001   0.0001  PASS
 0.010    777     0.989   0.0032   0.0007   0.0002   0.0004  PASS
 0.010   9999     0.983   0.0004   0.0002   0.0001   0.0001  PASS
 0.020     11     0.949   0.0011   0.0009   0.0004   0.0008  PASS
 0.020     23     0.980   0.0011   0.0004   0.0003   0.0007  PASS
 0.020     42     0.973   0.0014   0.0003   0.0006   0.0010  PASS
 0.020    777     0.972   0.0284   0.0005   0.0014   0.0023  PASS
 0.020   9999     0.943   0.0023   0.0007   0.0005   0.0004  PASS

Pass rate by noise:
  noise=0.005:  5/5
  noise=0.010:  5/5
  noise=0.020:  5/5
